326,4,650
193,1,927
331,4,615
336,4,560
451,2,938
451,2,514
769,2,309
331,2,145
451,4,586
637,2,483
451,2,398
769,1,727
637,1,316
637,2,66
331,2,771
75,2,340
331,2,154
637,2,413
193,1,694
326,4,662
769,2,219
451,4,646
683,1,191
331,1,764
451,2,434
637,2,430
331,1,456
193,1,466
769,2,472
637,2,976
683,4,428
331,4,667
451,4,566
403,1,335
75,4,605
336,1,209
637,1,951
336,2,413
403,1,13
193,4,553
336,4,250
193,2,486
403,2,730
769,2,272
451,2,41
637,2,425
75,4,888
637,1,574
331,2,485
769,2,104
326,2,577
193,2,489
326,4,374
75,1,666
451,2,748
193,2,404
683,1,1129
637,2,677
331,2,696
683,2,775
193,2,968
769,4,618
75,1,690
331,4,886
193,2,850
403,2,970
326,1,852
75,4,869
193,2,931
451,1,460
403,2,748
331,2,1022
683,1,784
451,2,904
75,1,341
193,2,425
75,4,1035
326,2,820
769,2,371
336,1,559
451,2,753
326,1,600
75,4,613
769,1,662
326,2,385
193,4,703
451,2,1016
326,4,399
75,1,971
336,1,772
336,1,439
326,2,312
326,4,650
403,1,845
75,4,835
637,2,933
193,2,713
451,2,701
451,2,407
403,2,627
75,2,981
193,2,575
769,2,676
75,1,421
75,1,680
403,4,691
683,2,747
75,4,413
451,2,723
336,4,238
403,1,220
331,2,314
637,2,462
403,1,399
336,2,685
683,2,661
769,2,230
331,4,973
336,2,625
331,4,886
336,1,1054
637,1,405
75,1,891
403,1,209
193,1,616
403,2,1004
403,2,448
683,4,717
326,1,774
403,2,470
451,2,858
193,4,377
683,2,562
403,2,393
683,4,614
75,2,1018
336,2,323
75,2,489
769,2,665
326,4,372
326,2,343
769,4,813
637,1,775
331,2,837
683,2,518
75,1,713
403,1,392
637,2,544
336,2,802
326,2,726
193,2,566
193,2,560
451,4,696
336,2,1035
326,4,551
193,1,1217
331,1,811
451,2,633
769,2,940
75,1,712
193,2,386
336,2,483
403,2,602
403,1,1295
193,1,678
769,2,473
336,4,575
769,1,343
683,4,710
331,2,380
75,4,507
451,1,1090
403,1,594
193,2,898
326,2,495
331,2,1009
637,2,382
336,1,668
336,1,1035
637,2,904
637,1,534
637,1,703
683,4,441
637,4,70
326,2,560
637,2,534
769,1,977
336,1,446
193,1,596
193,1,788
331,2,383
403,1,749
403,2,522
637,4,511
451,4,706
331,2,152
336,4,764
193,4,729
331,2,434
637,2,704
403,2,743
326,4,845
326,1,142
193,2,689
331,2,959
683,2,204
451,2,632
336,2,806
75,4,300
451,4,739
336,1,651
326,2,640
326,2,573
769,2,636
403,2,810
683,2,450
403,1,259
326,2,1032
683,2,545
326,4,763
769,4,123
331,1,623
193,1,564
451,2,828
451,4,762
403,4,717
451,2,1071
193,4,214
683,1,622
451,4,789
683,4,704
336,4,787
637,2,772
75,2,942
637,4,848
331,4,587
331,4,382
326,2,461
637,4,601
336,1,807
637,2,370
326,4,641
769,4,669
403,1,899
331,2,593
769,2,332
769,4,198
193,2,586
637,4,831
451,1,319
637,4,533
451,2,577
451,2,398
451,1,663
193,2,650
331,4,712
769,4,355
326,4,171
637,1,551
331,1,141
769,1,625
683,1,293
637,1,22
403,2,1179
336,1,822
75,4,616
75,4,1132
331,4,850
331,4,530
637,2,566
769,2,909
193,1,644
637,2,1065
403,1,348
637,1,527
637,4,362
331,4,574
769,2,583
637,2,764
326,4,845
75,2,479
193,4,606
451,2,614
331,2,773
637,4,451
451,4,425
331,1,332
451,1,164
336,4,498
403,2,436
75,1,1005
193,4,919
403,1,783
451,4,182
637,2,43
769,4,435
683,1,753
451,4,648
769,2,598
331,2,489
336,1,846
326,4,604
451,2,1040
193,2,390
637,4,582
683,2,1220
451,1,779
331,2,561
336,2,979
331,2,994
336,4,534
769,1,769
637,2,807
769,4,475
451,4,464
769,4,575
637,2,679
326,2,476
331,4,748
769,2,174
403,2,576
331,1,714
326,1,811
683,2,427
637,4,358
336,4,632
75,4,471
326,2,575
326,2,513
637,1,609
403,2,1039
326,1,685
403,2,82
331,4,511
637,2,309
75,1,497
769,1,788
336,1,579
326,2,568
331,1,356
326,2,265
403,2,526
193,1,1058
769,4,445
403,1,359
331,4,853
326,2,626
683,4,665
451,2,387
336,4,699
326,2,601
75,2,242
451,4,803
331,4,269
336,2,350
331,1,190
637,2,431
637,1,1165
75,2,615
683,4,755
326,4,325
75,1,966
331,2,298
331,2,774
336,2,402
683,1,665
326,2,917
769,1,216
326,4,446
403,4,842
451,4,467
683,1,766
637,4,170
193,2,175
75,4,596
75,2,422
683,2,502
451,2,469
326,1,510
326,2,725
403,2,483
769,4,1118
451,4,588
769,4,571
193,2,536
75,2,616
403,2,385
326,1,285
683,2,352
193,4,496
769,1,707
451,1,835
683,2,425
336,1,866
451,2,1107
683,2,909
637,2,1055
403,1,162
637,2,410
326,2,765
326,2,362
769,1,480
75,2,290
75,2,851
75,4,381
336,1,168
75,4,428
326,2,490
451,2,661
75,1,760
769,2,660
769,2,370
769,1,403
331,4,926
451,2,313
403,2,791
403,1,526
336,4,260
326,1,1322
331,1,759
326,2,204
637,4,833
336,1,751
403,2,987
331,2,502
683,2,1222
683,2,880
193,1,594
637,4,1075
336,1,1049
451,2,656
326,4,794
193,2,913
331,2,578
193,1,584
451,4,924
331,2,546
769,4,880
326,1,485
75,4,628
451,4,684
451,2,540
683,2,825
637,1,613
451,4,339
683,4,917
683,2,378
193,2,957
403,2,855
451,2,638
193,1,681
403,2,525
403,2,406
637,2,884
403,1,891
769,1,681
769,2,660
769,2,646
637,4,333
451,1,603
331,1,534
683,2,777
75,4,1058
683,1,357
193,1,454
331,4,512
637,2,1237
336,2,708
403,4,214
75,4,445
683,2,299
193,2,391
193,2,810
451,2,537
451,1,468
326,4,540
336,4,709
637,2,1018
403,2,840
637,2,497
336,2,626
403,1,218
336,1,586
75,1,465
193,1,805
451,2,212
451,2,800
336,1,303
75,4,654
451,2,801
451,2,635
769,2,320
403,1,767
193,2,455
637,2,195
683,1,159
326,4,542
193,2,324
769,2,222
637,1,661
769,4,654
326,2,617
326,2,1183
403,2,728
336,2,653
637,4,414
331,4,223
331,2,663
193,1,1033
451,4,459
769,4,894
683,1,708
683,2,691
331,4,485
336,1,571
637,2,366
637,1,403
403,2,664
193,2,920
637,1,318
637,1,832
403,2,721
326,2,694
683,2,637
336,2,665
75,2,645
193,2,757
75,2,390
403,2,1184
193,2,406
637,2,653
326,2,75
75,1,292
683,1,599
637,1,545
326,4,653
326,2,290
331,2,641
336,1,832
769,2,222
193,4,233
769,4,512
326,2,232
326,4,787
193,4,931
75,1,307
331,2,318
637,4,389
75,2,522
683,2,843
193,2,856
637,2,684
193,2,528
683,4,567
75,1,667
193,2,496
769,2,783
336,2,603
637,4,803
331,2,751
637,1,471
403,1,1047
683,2,851
336,4,965
331,4,687
326,1,446
769,4,324
331,2,283
193,2,588
451,1,1079
193,2,428
331,2,423
75,2,482
193,1,567
326,2,435
637,1,642
331,4,472
336,2,646
451,1,357
326,2,609
75,2,885
75,1,607
336,4,171
683,2,823
451,4,504
769,1,665
403,2,1146
193,2,909
451,4,514
403,4,410
403,4,252
75,1,1137
193,2,523
336,1,763
637,2,757
193,2,1034
331,1,944
637,2,550
769,2,1059
331,2,576
193,2,656
403,1,1121
331,2,772
336,2,469
451,1,766
326,4,667
403,2,308
75,2,910
336,2,577
637,1,771
326,4,1033
193,4,473
326,2,825
75,4,590
326,1,545
769,2,551
637,4,909
331,2,660
336,1,352
75,1,595
683,1,438
331,1,776
193,1,818
637,2,619
326,2,969
683,1,614
637,2,818
336,4,505
75,2,772
326,2,668
326,2,798
331,1,547
336,1,488
193,4,603
331,2,1129
451,2,887
326,1,188
326,1,224
451,1,636
769,2,604
75,1,863
403,2,840
769,4,492
193,1,635
451,2,984
336,1,548
193,4,371
75,1,813
75,4,732
403,4,987
451,2,437
769,2,651
331,2,802
451,1,413
637,4,657
75,2,562
683,1,701
403,2,664
637,2,757
637,2,447
403,2,457
193,1,543
769,4,95
683,2,292
336,1,461
769,1,905
451,4,803
403,2,515
683,1,1120
193,2,533
336,2,543
193,4,593
683,2,1253
451,2,332
637,2,471
336,4,405
451,1,288
75,1,584
331,1,546
683,1,576
683,4,529
326,2,590
331,4,406
326,1,547
403,2,377
451,2,838
683,2,1168
637,2,574
683,1,812
75,2,554
336,2,1098
326,2,418
403,4,1170
451,4,687
193,2,645
336,2,573
326,1,789
75,1,864
326,2,776
336,4,907
331,2,327
326,1,928
637,2,640
769,2,478
326,2,730
193,2,320
683,2,530
331,1,269
336,2,164
769,2,807
451,4,623
193,1,166
326,1,757
637,4,535
331,2,664
403,2,680
683,2,327
769,2,152
75,2,987
451,4,703
193,4,765
403,2,721
336,2,968
451,1,303
769,4,748
326,2,800
331,2,637
403,2,649
769,4,322
683,2,877
75,1,95
769,2,286
637,4,1176
683,1,799
637,1,545
683,1,794
75,4,851
75,4,441
193,4,355
769,1,531
193,1,802
331,2,514
637,2,487
336,2,539
637,4,776
769,1,815
683,2,625
331,1,649
683,4,301
683,2,372
637,1,415
331,2,217
75,4,439
769,1,371
193,2,983
336,1,930
193,2,714
336,2,929
403,1,999
451,2,882
683,1,984
336,2,1127
637,4,275
683,1,733
331,4,806
403,1,340
75,2,552
637,1,681
193,2,844
336,4,666
336,2,643
451,1,254
683,1,443
326,2,819
683,2,708
403,2,376
403,2,554
769,1,592
403,4,555
451,2,436
637,2,1007
769,2,657
193,2,615
683,2,315
326,2,453
331,2,534
193,1,824
326,2,883
326,2,577
637,4,801
451,2,645
683,1,817
769,4,666
193,1,375
769,1,1027
769,4,81
75,4,266
451,2,847
637,2,619
451,4,547
336,2,1200
637,2,736
451,4,367
75,4,609
193,2,794
326,2,1133
769,2,576
75,2,589
331,2,247
637,2,476
451,2,718
683,2,423
336,2,338
683,2,361
193,1,921
637,2,732
193,2,477
75,4,692
336,2,596
403,2,387
451,1,862
451,1,912
336,4,210
75,1,982
193,4,432
769,2,902
193,2,499
403,1,657
637,4,907
451,1,456
331,1,762
336,2,756
336,2,602
683,4,915
637,4,1005
75,2,811
336,2,507
336,4,462
326,2,87
326,4,982
193,1,631
683,4,665
683,4,742
326,1,329
637,2,581
769,4,1106
403,2,651
451,2,711
75,2,737
75,4,550
403,2,204
451,4,809
403,4,621
75,1,308
451,1,470
193,2,442
193,2,689
637,4,1047
403,1,846
637,2,823
331,1,1106
75,1,811
403,4,878
336,2,688
451,1,922
331,1,73
75,4,666
331,2,627
331,2,942
193,1,1069
403,2,1052
683,1,1136
403,2,544
326,2,858
326,1,714
451,2,737
336,2,283
451,1,595
326,1,540
769,4,551
683,4,425
193,1,210
403,2,528
326,1,750
326,2,531
75,4,587
75,2,656
326,4,634
403,2,1156
331,2,439
769,2,181
683,2,718
331,4,1104
336,2,397
331,1,190
326,2,957
326,2,168
336,1,554
403,1,480
403,2,647
75,2,465
769,2,370
403,2,377
326,1,829
403,2,631
75,2,714
331,4,619
451,1,615
193,2,635
326,1,933
769,4,566
451,4,580
326,1,236
336,2,367
331,1,574
451,1,576
451,4,839
75,4,1043
403,2,643
683,1,857
331,2,481
336,2,434
403,4,832
193,4,692
403,4,700
403,1,518
637,4,1277
451,1,752
193,2,191
193,2,317
326,2,484
336,1,968
326,4,1021
683,1,736
326,1,822
403,2,790
769,4,642
637,4,626
451,2,761
336,2,1268
331,2,920
193,4,248
637,2,630
331,1,439
637,2,802
451,2,577
683,2,973
637,2,601
451,2,573
403,2,522
769,1,845
193,4,770
637,1,1048
451,2,367
637,4,803
75,1,436
331,4,653
193,4,564
75,1,484
637,4,883
451,2,508
769,1,283
193,2,954
326,4,627
75,1,660
451,4,1144
75,2,1013
326,1,433
403,2,611
451,2,273
637,2,608
637,2,626
769,2,337
637,1,650
403,1,402
326,2,1238
75,2,656
769,1,895
451,1,986
75,1,582
403,2,414
326,4,643
637,1,737
336,2,73
683,2,215
683,1,1060
326,2,307
326,4,309
75,1,481
637,1,805
683,2,544
683,1,581
683,2,916
75,4,460
683,4,401
451,2,422
637,4,752
336,1,455
683,2,714
336,1,610